$ANSIBLE_VAULT;1.1;AES256
34646463343233333632306161666438633162633262656464383839353264393866373264383632
3539313066383461393437356637323364653161303938340a346534353062653461313138386664
32656533636663353437316364656361376131393163623937636564613633373462633139636235
3633336334336231640a666437376233323735653739353633363839303561623136353536306532
63383463646137313735666436383231333731303237373162306235346430323064346566653033
38323066396566623930626639353765663763333834613737373938316233626430306464343337
35646432623863356532323663346132376665356232656236373733633932616261316132303662
33393962333938303462616236633435373264336438653564623031306261303137303537343331
63366235306163313664323763633834613034613232393962313738636336323336333337636362
64366436623866306663623664333463653365333361393132666561323131373263353266323732
65633733333834316463383139313163626665353837666564383232633830656631363762346561
33663538396464663961333062356630393266303132393665303265373333333766326164303831
32316330363066356661396132363162346666653465333939313933373232333638626436373930
36313737346163346432323039663536623764333136393138363763663634313932316132366635
34623030393864656164653862663464646163383832623630636261373031313361386363353731
62316533326564323232656531396134373765303265323638316362323034336330313937323432
36303831616638363861653539383766626362663766656532623838613366313239616163313330
33303664306463303431646163626364643031313135656563353731303132306438633230633937
63646161393163663066363930613161313463376364626230613035353239646234646262646566
32363433383366343135313039633132326566616636616632613661666237373462643162393732
31373262343839613966653930646131393665356530363961323639356639373737346634323639
36353836383363313732363539326161613632393132313839633538343338663135343737643765
37333439303236633133376535656535663961626139663136323430303430643166343334633733
34333962306432666263633161363966313733653662393363663962333633376365386532353130
38336638643637623638343532396564386262393163353864386535633839333861663930336361
31373036336664376162333833626565366631336231623831653130363930393663366664363665
61663137323238366164353266333236386165343130646363303832666336343932323639333834
34373434323038663064323565383435356231383039643237653466343464613861386234626365
66313266613030363363616261356435313434616438303235383366376462383036396339626231
65373261623836383831613936636435636364336332626633656664356136636639613962336163
32666163336334343733666439333137333866656663636461386463323831613934616562373166
33386138373937666262613835643335613432383832356263663366353931386464306638643439
38653833663564383137383935383465643835393064306439646565326662353135323662346133
38366663366231343834346231356337323261336563643162633932633331623664666134363162
35613138343831373362303231643435656435656464393463336336613636383230633866313963
38313934366462623363386565303330343965363236653936326235376433666262626266313764
65663630333335356265373030373765336265323735643638333635623362666233333230633265
65386466323530353763646330633366646536393330616237303233376664396436623439366535
30333662386564643163376634316562323161386161643264346237616235366462353333343432
65393361663661346563323437336433393436313564333733666631633032333264653565333139
34356366323730656631363732366334323338633732383965346635376361626263383131393134
35356530396265656135363630633330653630353962633365616531396565306534356530326438
38376335326565313162626536336337353363666538643462303334386561313238613536353530
61343432636531643431663533653131393963343338326634656433363864366661663035613237
65373866383266653136323338643936393063353133633238396330653039353661656130663535
33396466636562316630636665353066323064303266346166313432336566643265663832373136
34653931646235373035333138353430356363303032646365613765646132316234373233646366
39656633386138656262316232656439396266336231623461666162323962643030346432313832
63363662313664656661316165386334373538383439633232666237643864376462393866633261
66336632386163643537313366323032356337306438373734373161643562376639363933623465
65333131393962323035646132306130316536383161396639633938626165663733363533626462
35383765313764346364666337623635386535363532636439383365616533353230363030366339
61303238393934363562633166396563623165303734353962646365333566613566343638366363
66386333383730386433323965616466396562613565623639393233653462313635353337383066
31636430313631656133323438396630303862633163346335613932613263333465393637653436
36663434623066656539623830383138363935376439623834613035623764626630616338376331
61383461376131613661343435666630353337376664613966633363383662656164663163366238
65383563663231353533663035643933363931336132366363333562393030313362373837383063
31646665646232643466393634313337376532623032343439323061363430346564346361323135
39373536626565343237326132383065356532316266363736366231303731366136383431613234
66383339616262376131373662393336383430653938363338356265333965636330316438653937
38323964393466383563313561656336626265303334633132383939333466313437633834623766
30383939323361623234396331373866303536383836346532393032336261613339343338313066
61363461343135306232313737633661666637323335656435383133623832363466383663383363
66613037363837636265633231396530666236656239363532636665356664666261633937616537
36373131626639666665633637366137636432363636363038656562383637653934643132333234
65396234383835626164333530396461363036383063353537363234643138623961363831313863
37363766303839393330396365396337366264616536643161343032326434643564663336626230
65326338333635363639353231646136643139613766616634653661663135663338666635623763
31353339623562666636623164623061636633373262303231616431333138353234656534313637
31643463323134396361333264303562663235363937643262346537656630393032623363396332
64613666316530313862356262626233376631623331343666373265336339363037626561383366
61313762343936333238653464393435643739623432616236666661386565643635363638376561
38623334326536616435393130383162613530386261363564346138646234363564633135656438
38363266333030313163303433623963376131313830373936323937336238663438613831376337
32393533656132343832646663636534626262333062663833336665343432326562663539363639
37666434643761663362303633333234646264646234323764326535663737666638393764336662
66316434306464396337646664643463666261326330396165653563306434396438366433636565
37623363643637373235366538646135313432313935326539303332633861373766333238393234
65366232393566346335346461663831313065643032636362356434396330663332316162313336
30626339366534663864613531353035663262373831323664303863306561373635666166366261
64356136333833346564316636653063613061313037323435333430383231323630373338623265
63323737373530323662653964366137643534656631353963393938633534303832393464323564
36356666396437376564303634376363386366393433356666356564323032383235646339626661
34386538343532363630356331356265376462633766663834343664376261353639623531616130
32613833356662313162323939616462353035336163653835646236663063353630643332303934
36386262393164353835376339316434633161396165646134626664656231383561323361633865
39356435336433663438303233333265663533373263633665373330303831623139393365666632
61383339316130386165306637343864656236326661643138343031656635656366336162383564
32633635386437623431353731363636636437666566363264396431313138393735323331343431
37633265373731616335333331643133313934303565376439363437646638393838336330333335
34313966373835393236313632616635346630303531663835623035663336353937313266393037
30373031356633313639393463303765646662366633653834363563653464356566313034633631
33663061613332643732633166653061613434633666353135396261383033393532646633633164
38393933346365373631363865343239326661313935616265323566303434373163663863383339
66623361653336633435343430323063386264346164313464666139333431313631636138383833
34353130613839643361316133353136373263393262366437353465396564393730343732336134
34393166383638636132623564343263366630343362633835653431363562323139313730373532
30346165626131386665313865623761666232366362663530656331346433616433333639333135
36353465653934303234373530303436346539373238613462663337633132326239663034306437
30313137356630323530316265326665336663366638653431613034313232626364363930653934
35386162663564326637303262343464393065616137303962306662613833626361656635646536
39343033313866313834643236396365623530346336316138663337353465666664613337643237
32616135643833623361656461623265626465366263616238306362353435373364386638373930
36383530623864373963363463386430316233363331386230336163626661303134636434306665
65396662376135343830363665303631646632373365393039633839306566656331333735313863
62326339643065393962613166376135396661643138393633636632373132393338373565613435
35613363383239373939636630333933643131323361653636663266313363643065363438633634
37356565323238383264353864383633643232646434316364393931373838306633356661376330
36656330623063616234636633366438356536363432623533633564306666393064393462386436
37336164633934333036643739653739376536633262393339373566393438643735613666336566
65313535663062616264396634646232386132393664633734383836343764353335366239363061
63613764656237636632376461353261326238643663623066363663366131636333383665333030
32353865396234643036343663636136326338623863663065313135396266366435663962356266
61323737653334353136393736663136653133663834643066373735326232303833646335363461
33393764346630386163383465386631366461626631613661363832343961646638396334663332
30343366383036313162646139643131623831336238363730643934636338393138613139363465
31346535373730323838333330666637393936393433356132393539663561356135326163633330
64303537366164396630356561343962613762396566306337666137366663613133646137666332
36393036333030666236633131656264633537653034373138303063363234323863303464353430
33396562333563316432373966333339383030373065343034633937396464623366336166613536
35623462346432636132353835326566336461636265313730623362323266396330383431663236
32613939623366663431396266323664303434336164666530613365353738616436623335363431
30623437336233376531616565343036663830353037386139386330623534323838626261666636
30306635663830626261373235316266653765623931666138326565623534316166323731323032
32303864386338356162656364373864396366626666396566653930306437363837356436623563
38626432393665336566646165616330346337326232383137366633663339316466343036636130
66656436326135623239343465313137393231653035393831633462373533663961623935393166
64346364643031333632383562333735323561663139343732383130343566363538656431636633
64303036613335643936323836383934333238353439383931373139326363653238613864316436
62303062376633646465393338333762626364666638343939353834653537666264316165633835
30303133633737633634643033343734303831346334636338396230326261656665356138363966
63663733613965373762303136616261383133323231343166643961326131346337303833646432
63313931313533323030663666383039656665653761643762366464633061613161383338373736
61316134653934336137333963323932326135316434306666333331373066323636653739663163
35316362643934353631623639396165393764376638336235353931393261623565633435323964
30326361323163336262306139393436303339326364656265383661363661656566353662326339
35343864333662373630376533646661646264303038396163363462623435646432646636343139
37646533393134643734663131363366616461343064366134303238653334373162383731326130
35396235356364636238396362336335663436666461346265386537356631616235633637363365
30616666653334336332376236343861353237353532343461383032613530623863656565353732
63623932336235623536323139306231643137373330616433656462393032626361383231396538
37623335353364303531653566363266353030353530313539353265633136663366633438666165
30326465656338366239303162303362323435343130306661646338653236353630633238646363
35633564643430353032393734646533373234633439353237613238363435623161396637396664
38393734343733336164363636383935333534643339633835366564323736376634306665383066
39336630666539646361376439393366373866353765323439633735356461316439663462643261
62616636376462626562323336323436313539653535313236326432313232393330616539326630
30383266643262336665643562303766663963613765633232386638613562373639663239386164
31346464626464626437376263623266366335323435393933343632666139376131616132393762
64333338396239613663623834333936363264663033313763613732356530343163646433383064
36306635643933333931343437336136363630653935393463313835336532393734316165393232
30396138303537656665643065363633616233333133393439613533363732343332363931373035
31303463396332653864313133353165616631386435613465393738303166663738613731636233
39323330653662356234613965646532616431663261623066326137313363323564383663613931
34396661373135336363663837623235323262343130383539636364643462393263613630383466
34636564323132643537653032626134313961653331366330633937363433663036346539313466
38363430326361663139316131386531346162346133356362663530363539646530383536303531
64646133333134316363346263346166613330643531333138646464353664653030313832356539
61313365383237366466633431353537313066623732643664333131383964356237326532373334
33363036386363646330653736386435623164616636616262353466383735626130303562653936
65656536303136343137626538303336366239363632363934303831363132333762613731653537
39366662343736376138626135646537626165353636383138633966636361653263663031333562
63653437633735623665333030393132386436323363326361626232373261346263353661336536
64636265643566363835316662333665613739623061303263383562353333363831616132643034
64666433346332343438633461386536383437653930326436646636383837663665623563326233
61393362326262326661326365316664303664643130306365633330353365343765343862316639
33616632306136373530313233336136666430333832613261376464323731386431366339643166
38363035666430636131633065643935396530323464393236643765393464636231623832383961
3236633639306439623031336138386439396635636534666330
